2.716311825619771 0.12566616936903668 5.24154616732088 1.4961523373996246 2.698656742587248 1.210106866987993 3.0419472792264473 8.71699647860239 5.96472618568791 0.4469068753812227  
1.01056677639606 2.2283368546780173 3.750808212016123 0.7127142006199628 2.7495528956732094 3.55082580266023 1.2458703777927187 1.298712385231534 1.4033962948978003 4.60402175351352  
2.1975583793926408 0.038163579773705644 2.524265754208416 3.5095782066050214 2.9295121920956877 0.8106337913872192 0.22004322716311245 0.041986286119553094 1.273450648240314 1.9153431858957675  
4.587811686400798 5.132878921128744 2.896678761837966 0.11107685179978119 1.5605217240577787 2.9728427129753556 3.707625913188403 2.269618049692566 1.5214342843648796 0.8034804560241691  
11.380346428552674 0.8273844283828081 6.250161317648199 3.3995351680288204 3.3102155732148115 3.2297793052553385 0.5623210585794589 0.07558557558745532 4.943962256827121 0.2116851194021284  
0.04019023946911769 0.05511367011693297 0.9088079675405145 4.569851783371934 1.1584580616918008 2.718744698727455 1.6911232995201482 3.057216041732872 0.06342581400581557 2.270416220968552  
0.386792199261824 0.24542964653792784 0.5194284021083102 0.7490989146229209 1.009597583993972 0.7921416605106671 0.931009976166067 1.3244205959574946 2.9436666678003123 0.1638166134747166  
0.7570022190190263 2.6649183884334957 4.413035068824683 1.7138574045351207 1.019010585435753 0.7277415791252652 3.6235517363604917 1.1402423676291196 1.25849122099331 0.7079327683027143  
0.7149039539132322 2.6647137767088296 1.2432484370535806 0.277789936316385 0.8888140490751775 1.6379689844882497 4.078959861018767 0.6812672279491431 5.593860680422971 0.8860238522618286  
1.251099070757338 0.165201890219309 3.3735605499206773 3.9277892750684535 0.1629123077982008 1.8343169171557083 0.11137706376319907 2.6067942298449918 1.64286720389521 3.6957429904885695  
